
    # Iteration: 1 bestvalit: -0.400000 bestmemit:   -0.078022   -0.073373    0.074758    0.066998    0.067534    0.095043    0.009316   -0.001306   -0.039287   -0.022633   -0.044730
    # Iteration: 2 bestvalit: -0.400000 bestmemit:   -0.078022   -0.073373    0.074758    0.066998    0.067534    0.095043    0.009316   -0.001306   -0.039287   -0.022633   -0.044730
    # Iteration: 3 bestvalit: -0.450000 bestmemit:   -0.031785   -0.007061    0.060797    0.090163   -0.007787    0.083923    0.000940    0.089499   -0.087910   -0.058913   -0.088830
    # Iteration: 4 bestvalit: -0.450000 bestmemit:   -0.031785   -0.007061    0.060797    0.090163   -0.007787    0.083923    0.000940    0.089499   -0.087910   -0.058913   -0.088830
    # Iteration: 5 bestvalit: -0.450000 bestmemit:   -0.078022   -0.093191    0.074758    0.066998    0.097317    0.095043   -0.012126   -0.001306   -0.039287   -0.022633   -0.044730
    # Iteration: 6 bestvalit: -0.600000 bestmemit:   -0.031785   -0.007061    0.060797    0.090163   -0.007787    0.083923    0.000940    0.089499   -0.087910   -0.039011   -0.088830
    # Iteration: 7 bestvalit: -0.600000 bestmemit:   -0.031785   -0.007061    0.060797    0.090163   -0.007787    0.083923    0.000940    0.089499   -0.087910   -0.039011   -0.088830
    # Iteration: 8 bestvalit: -0.600000 bestmemit:   -0.031785   -0.007061    0.060797    0.090163   -0.007787    0.083923    0.000940    0.089499   -0.087910   -0.039011   -0.088830
    # Iteration: 9 bestvalit: -0.600000 bestmemit:   -0.031785   -0.007061    0.060797    0.090163   -0.007787    0.083923    0.000940    0.089499   -0.087910   -0.039011   -0.088830
    # Iteration: 10 bestvalit: -0.600000 bestmemit:   -0.031785   -0.007061    0.060797    0.090163   -0.007787    0.083923    0.000940    0.089499   -0.087910   -0.039011   -0.088830
    # Iteration: 11 bestvalit: -0.600000 bestmemit:   -0.031785   -0.007061    0.060797    0.090163   -0.007787    0.083923    0.000940    0.089499   -0.087910   -0.039011   -0.088830
    # Iteration: 12 bestvalit: -0.600000 bestmemit:   -0.031785   -0.007061    0.060797    0.090163   -0.007787    0.083923    0.000940    0.089499   -0.087910   -0.039011   -0.088830
    # Iteration: 13 bestvalit: -0.600000 bestmemit:   -0.031785   -0.007061    0.060797    0.090163   -0.007787    0.083923    0.012350    0.046909   -0.087910   -0.039011   -0.088830
    # Iteration: 14 bestvalit: -0.600000 bestmemit:   -0.031785   -0.007061    0.060797    0.090163   -0.007787    0.083923    0.012350    0.046909   -0.087910   -0.039011   -0.088830
    # Iteration: 15 bestvalit: -0.600000 bestmemit:   -0.031785   -0.007061    0.060797    0.090163   -0.007787    0.083923    0.012350    0.046909   -0.087910   -0.039011   -0.088830
    # Iteration: 16 bestvalit: -0.600000 bestmemit:   -0.031785   -0.007061    0.060797    0.090163   -0.007787    0.083923    0.012350    0.046909   -0.087910   -0.039011   -0.088830
    # Iteration: 17 bestvalit: -0.600000 bestmemit:   -0.031785   -0.007061    0.060797    0.090163   -0.007787    0.083923    0.012350    0.046909   -0.087910   -0.039011   -0.088830
    # Iteration: 18 bestvalit: -0.600000 bestmemit:   -0.031785   -0.007061    0.060797    0.090163   -0.007787    0.083923    0.012350    0.046909   -0.087910   -0.039011   -0.088830
    # Iteration: 19 bestvalit: -0.600000 bestmemit:   -0.031785   -0.007061    0.060797    0.090163   -0.007787    0.083923    0.012350    0.046909   -0.087910   -0.039011   -0.088830
    # Iteration: 20 bestvalit: -0.600000 bestmemit:   -0.031785   -0.007061    0.060797    0.090163   -0.007787    0.083923    0.012350    0.046909   -0.087910   -0.039011   -0.088830
    # Iteration: 21 bestvalit: -0.600000 bestmemit:   -0.031785   -0.007061    0.060797    0.090163   -0.007787    0.083923    0.012350    0.046909   -0.087910   -0.039011   -0.088830
    # Iteration: 22 bestvalit: -0.600000 bestmemit:   -0.031785   -0.007061    0.060797    0.090163   -0.007787    0.083923    0.012350    0.046909   -0.087910   -0.039011   -0.088830
    # Iteration: 23 bestvalit: -0.600000 bestmemit:   -0.031785   -0.007061    0.060797    0.090163   -0.007787    0.083923    0.012350    0.046909   -0.087910   -0.039011   -0.088830
    # Iteration: 24 bestvalit: -0.600000 bestmemit:   -0.031785   -0.007061    0.060797    0.090163   -0.007787    0.083923    0.012350    0.046909   -0.087910   -0.039011   -0.088830
    # Iteration: 25 bestvalit: -0.600000 bestmemit:   -0.031785   -0.007061    0.060797    0.090163   -0.007787    0.083923    0.012350    0.046909   -0.087910   -0.039011   -0.088830
    # Iteration: 26 bestvalit: -0.650000 bestmemit:   -0.013161   -0.066991    0.037598    0.070686    0.016284    0.092854    0.007774    0.063754   -0.065192   -0.002860   -0.004700
    # Iteration: 27 bestvalit: -0.650000 bestmemit:   -0.013161   -0.066991    0.037598    0.070686    0.016284    0.092854    0.007774    0.063754   -0.065192   -0.002860   -0.004700
    # Iteration: 28 bestvalit: -0.650000 bestmemit:   -0.013161   -0.066991    0.037598    0.070686    0.016284    0.092854    0.007774    0.063754   -0.065192   -0.002860   -0.004700
    # Iteration: 29 bestvalit: -0.650000 bestmemit:   -0.013161   -0.066991    0.037598    0.070686    0.016284    0.092854    0.007774    0.063754   -0.065192   -0.002860   -0.004700
    # Iteration: 30 bestvalit: -0.650000 bestmemit:   -0.013161   -0.066991    0.037598    0.070686    0.016284    0.092854    0.007774    0.063754   -0.065192   -0.002860   -0.004700
    # Iteration: 31 bestvalit: -0.650000 bestmemit:   -0.013161   -0.066991    0.037598    0.070686    0.016284    0.092854    0.007774    0.063754   -0.065192   -0.002860   -0.004700
    # Iteration: 32 bestvalit: -0.650000 bestmemit:   -0.013161   -0.066991    0.037598    0.070686    0.016284    0.092854    0.007774    0.063754   -0.065192   -0.002860   -0.004700
    # Iteration: 33 bestvalit: -0.650000 bestmemit:   -0.091001    0.002075    0.029634    0.069865    0.033497    0.058338    0.012503    0.083981   -0.069655   -0.038064   -0.083860
    # Iteration: 34 bestvalit: -0.650000 bestmemit:   -0.091001    0.002075    0.029634    0.069865    0.033497    0.058338    0.012503    0.083981   -0.069655   -0.038064   -0.083860
    # Iteration: 35 bestvalit: -0.650000 bestmemit:   -0.091001    0.002075    0.029634    0.069865    0.033497    0.058338    0.012503    0.083981   -0.069655   -0.038064   -0.083860
    # Iteration: 36 bestvalit: -0.650000 bestmemit:   -0.091001    0.002075    0.029634    0.069865    0.033497    0.058338    0.012503    0.083981   -0.069655   -0.038064   -0.083860
    # Iteration: 37 bestvalit: -0.650000 bestmemit:   -0.091001    0.002075    0.029634    0.069865    0.033497    0.058338    0.012503    0.083981   -0.069655   -0.038064   -0.083860
    # Iteration: 38 bestvalit: -0.650000 bestmemit:   -0.091001    0.002075    0.029634    0.069865    0.033497    0.058338    0.012503    0.083981   -0.069655   -0.038064   -0.083860
    # Iteration: 39 bestvalit: -0.650000 bestmemit:   -0.091001    0.002075    0.029634    0.069865    0.033497    0.058338    0.012503    0.083981   -0.069655   -0.038064   -0.083860
    # Iteration: 40 bestvalit: -0.650000 bestmemit:   -0.091001    0.002075    0.029634    0.069865    0.033497    0.058338    0.012503    0.083981   -0.069655   -0.038064   -0.083860
    # Iteration: 41 bestvalit: -0.650000 bestmemit:    0.009673   -0.091121    0.064678    0.040748    0.074028    0.008516    0.040424   -0.029199   -0.003608    0.022416    0.035461
    # Iteration: 42 bestvalit: -0.650000 bestmemit:    0.009673   -0.091121    0.064678    0.040748    0.074028    0.008516    0.040424   -0.029199   -0.003608    0.022416    0.035461
    # Iteration: 43 bestvalit: -0.650000 bestmemit:    0.009673   -0.091121    0.064678    0.040748    0.074028    0.008516    0.040424   -0.029199   -0.003608    0.022416    0.035461
    # Iteration: 44 bestvalit: -0.650000 bestmemit:    0.009673   -0.091121    0.064678    0.040748    0.074028    0.008516    0.040424   -0.029199   -0.003608    0.022416    0.035461
    # Iteration: 45 bestvalit: -0.650000 bestmemit:    0.009673   -0.091121    0.064678    0.040748    0.074028    0.008516    0.040424   -0.029199   -0.003608    0.022416    0.035461
    # Iteration: 46 bestvalit: -0.650000 bestmemit:    0.009673   -0.091121    0.064678    0.040748    0.074028    0.008516    0.040424   -0.029199   -0.003608    0.022416    0.035461
    # Iteration: 47 bestvalit: -0.650000 bestmemit:    0.009673   -0.091121    0.064678    0.040748    0.074028    0.008516    0.040424   -0.029199   -0.003608    0.022416    0.035461
    # Iteration: 48 bestvalit: -0.650000 bestmemit:    0.009673   -0.091121    0.064678    0.040748    0.074028    0.008516    0.040424   -0.029199   -0.003608    0.022416    0.035461
    # Iteration: 49 bestvalit: -0.650000 bestmemit:    0.009673   -0.091121    0.064678    0.040748    0.074028    0.008516    0.040424   -0.029199   -0.003608    0.022416    0.035461
    # Iteration: 50 bestvalit: -0.650000 bestmemit:    0.009673   -0.091121    0.064678    0.040748    0.074028    0.008516    0.040424   -0.029199   -0.003608    0.022416    0.035461
    # Iteration: 51 bestvalit: -0.650000 bestmemit:    0.009673   -0.091121    0.064678    0.040748    0.074028    0.008516    0.040424   -0.029199   -0.003608    0.022416    0.035461
    # Iteration: 52 bestvalit: -0.650000 bestmemit:    0.009673   -0.091121    0.064678    0.040748    0.074028    0.008516    0.040424   -0.029199   -0.003608    0.022416    0.035461
    # Iteration: 53 bestvalit: -0.650000 bestmemit:   -0.029095   -0.027586    0.041617    0.081207    0.078686    0.095043    0.008303    0.046919   -0.087345   -0.037427   -0.090110
    # Iteration: 54 bestvalit: -0.650000 bestmemit:   -0.029095   -0.027586    0.041617    0.081207    0.078686    0.095043    0.008303    0.046919   -0.087345   -0.037427   -0.090110
    # Iteration: 55 bestvalit: -0.650000 bestmemit:   -0.029095   -0.027586    0.041617    0.081207    0.078686    0.095043    0.008303    0.046919   -0.087345   -0.037427   -0.090110
    # Iteration: 56 bestvalit: -0.650000 bestmemit:   -0.029095   -0.027586    0.041617    0.081207    0.078686    0.095043    0.008303    0.046919   -0.087345   -0.037427   -0.090110
    # Iteration: 57 bestvalit: -0.650000 bestmemit:   -0.029095   -0.027586    0.041617    0.081207    0.078686    0.095043    0.008303    0.046919   -0.087345   -0.037427   -0.090110
    # Iteration: 58 bestvalit: -0.650000 bestmemit:   -0.029095   -0.027586    0.041617    0.081207    0.078686    0.095043    0.008303    0.046919   -0.087345   -0.037427   -0.090110
    # Iteration: 59 bestvalit: -0.650000 bestmemit:   -0.029095   -0.027586    0.041617    0.081207    0.078686    0.095043    0.008303    0.046919   -0.087345   -0.037427   -0.090110
    # Iteration: 60 bestvalit: -0.650000 bestmemit:   -0.029095   -0.027586    0.041617    0.081207    0.078686    0.095043    0.008303    0.046919   -0.087345   -0.037427   -0.090110
    # Iteration: 61 bestvalit: -0.650000 bestmemit:   -0.029095   -0.027586    0.041617    0.081207    0.078686    0.095043    0.008303    0.046919   -0.087345   -0.037427   -0.090110
    # Iteration: 62 bestvalit: -0.650000 bestmemit:   -0.029095   -0.027586    0.041617    0.081207    0.078686    0.095043    0.008303    0.046919   -0.087345   -0.037427   -0.090110
    # Iteration: 63 bestvalit: -0.650000 bestmemit:   -0.029095   -0.027586    0.041617    0.081207    0.078686    0.095043    0.008303    0.046919   -0.087345   -0.037427   -0.090110
    # Iteration: 64 bestvalit: -0.650000 bestmemit:   -0.029095   -0.027586    0.041617    0.081207    0.078686    0.095043    0.008303    0.046919   -0.087345   -0.037427   -0.090110
    # Iteration: 65 bestvalit: -0.650000 bestmemit:   -0.091001    0.066435    0.020840    0.069865    0.033497    0.058338    0.012503    0.083981   -0.069655   -0.038064   -0.083860
    # Iteration: 66 bestvalit: -0.650000 bestmemit:   -0.091001    0.066435    0.020840    0.069865    0.033497    0.058338    0.012503    0.083981   -0.069655   -0.038064   -0.083860
    # Iteration: 67 bestvalit: -0.650000 bestmemit:   -0.091001    0.066435    0.020840    0.069865    0.033497    0.058338    0.012503    0.083981   -0.069655   -0.038064   -0.083860
    # Iteration: 68 bestvalit: -0.650000 bestmemit:   -0.091001    0.066435    0.020840    0.069865    0.033497    0.058338    0.012503    0.083981   -0.069655   -0.038064   -0.083860
    # Iteration: 69 bestvalit: -0.650000 bestmemit:   -0.091001    0.066435    0.020840    0.069865    0.033497    0.058338    0.012503    0.083981   -0.069655   -0.038064   -0.083860
    # Iteration: 70 bestvalit: -0.650000 bestmemit:   -0.091001    0.066435    0.020840    0.069865    0.033497    0.058338    0.012503    0.083981   -0.069655   -0.038064   -0.083860
    # Iteration: 71 bestvalit: -0.650000 bestmemit:   -0.013161   -0.066991    0.037598    0.070686    0.016284    0.092854    0.007774    0.063754   -0.065192   -0.002860   -0.022439
    # Iteration: 72 bestvalit: -0.650000 bestmemit:   -0.013161   -0.066991    0.037598    0.070686    0.016284    0.092854    0.007774    0.063754   -0.065192   -0.002860   -0.022439
    # Iteration: 73 bestvalit: -0.650000 bestmemit:   -0.013161   -0.066991    0.037598    0.070686    0.016284    0.092854    0.007774    0.063754   -0.065192   -0.002860   -0.022439
    # Iteration: 74 bestvalit: -0.650000 bestmemit:   -0.013161   -0.066991    0.037598    0.070686    0.016284    0.092854    0.007774    0.063754   -0.065192   -0.002860   -0.022439
    # Iteration: 75 bestvalit: -0.650000 bestmemit:   -0.013161   -0.066991    0.037598    0.070686    0.016284    0.092854    0.007774    0.063754   -0.065192   -0.002860   -0.022439
    # Iteration: 76 bestvalit: -0.650000 bestmemit:   -0.013161   -0.066991    0.037598    0.070686    0.016284    0.092854    0.007774    0.063754   -0.065192   -0.002860   -0.022439
    # Iteration: 77 bestvalit: -0.650000 bestmemit:   -0.013161   -0.066991    0.037598    0.070686    0.016284    0.092854    0.007774    0.063754   -0.065192   -0.002860   -0.022439
    # Iteration: 78 bestvalit: -0.650000 bestmemit:   -0.013161   -0.066991    0.037598    0.070686    0.016284    0.092854    0.007774    0.063754   -0.065192   -0.002860   -0.022439
    # Iteration: 79 bestvalit: -0.650000 bestmemit:   -0.013161   -0.066991    0.037598    0.070686    0.016284    0.092854    0.007774    0.063754   -0.065192   -0.002860   -0.022439
    # Iteration: 80 bestvalit: -0.650000 bestmemit:   -0.013161   -0.066991    0.037598    0.070686    0.016284    0.092854    0.007774    0.063754   -0.065192   -0.002860   -0.022439
    # Iteration: 81 bestvalit: -0.650000 bestmemit:   -0.029095   -0.027586    0.041617    0.081207    0.078686    0.095043    0.008303    0.046919   -0.087345    0.012518   -0.090110
    # Iteration: 82 bestvalit: -0.650000 bestmemit:   -0.029095   -0.027586    0.041617    0.081207    0.078686    0.095043    0.008303    0.046919   -0.087345    0.012518   -0.090110
    # Iteration: 83 bestvalit: -0.650000 bestmemit:   -0.091001    0.016083    0.020840    0.069865    0.033497    0.058338    0.012503    0.083981   -0.069655   -0.038064   -0.083860
    # Iteration: 84 bestvalit: -0.650000 bestmemit:   -0.091001    0.016083    0.020840    0.069865    0.033497    0.058338    0.012503    0.083981   -0.069655   -0.038064   -0.083860
    # Iteration: 85 bestvalit: -0.650000 bestmemit:   -0.091001    0.016083    0.020840    0.069865    0.033497    0.058338    0.012503    0.083981   -0.069655   -0.038064   -0.083860
    # Iteration: 86 bestvalit: -0.650000 bestmemit:   -0.091001    0.016083    0.020840    0.069865    0.033497    0.058338    0.012503    0.083981   -0.069655   -0.038064   -0.083860
    # Iteration: 87 bestvalit: -0.650000 bestmemit:   -0.091001    0.016083    0.020840    0.069865    0.033497    0.058338    0.012503    0.083981   -0.069655   -0.038064   -0.083860
    # Iteration: 88 bestvalit: -0.650000 bestmemit:   -0.091001    0.016083    0.020840    0.069865    0.033497    0.058338    0.012503    0.083981   -0.069655   -0.038064   -0.083860
    # Iteration: 89 bestvalit: -0.650000 bestmemit:   -0.091001    0.016083    0.020840    0.069865    0.033497    0.058338    0.012503    0.083981   -0.069655   -0.038064   -0.083860
    # Iteration: 90 bestvalit: -0.650000 bestmemit:   -0.091001    0.016083    0.020840    0.069865    0.033497    0.058338    0.012503    0.083981   -0.069655   -0.038064   -0.083860
    # Iteration: 91 bestvalit: -0.650000 bestmemit:   -0.091001    0.016083    0.020840    0.069865    0.033497    0.058338    0.012503    0.083981   -0.069655   -0.038064   -0.083860
    # Iteration: 92 bestvalit: -0.650000 bestmemit:   -0.091001    0.016083    0.020840    0.069865    0.033497    0.058338    0.012503    0.083981   -0.069655   -0.038064   -0.083860
    # Iteration: 93 bestvalit: -0.650000 bestmemit:   -0.091001    0.016083    0.020840    0.069865    0.033497    0.058338    0.012503    0.083981   -0.069655   -0.038064   -0.083860
    # Iteration: 94 bestvalit: -0.650000 bestmemit:   -0.091001    0.016083    0.020840    0.069865    0.033497    0.058338    0.012503    0.083981   -0.069655   -0.038064   -0.083860
    # Iteration: 95 bestvalit: -0.650000 bestmemit:   -0.091001    0.016083    0.020840    0.069865    0.033497    0.058338    0.012503    0.083981   -0.069655   -0.038064   -0.083860
    # Iteration: 96 bestvalit: -0.650000 bestmemit:   -0.091001    0.016083    0.020840    0.069865    0.033497    0.058338    0.012503    0.083981   -0.069655   -0.038064   -0.083860
    # Iteration: 97 bestvalit: -0.650000 bestmemit:   -0.091001    0.016083    0.020840    0.069865    0.033497    0.058338    0.012503    0.083981   -0.069655   -0.038064   -0.083860
    # Iteration: 98 bestvalit: -0.650000 bestmemit:   -0.091001    0.016083    0.020840    0.069865    0.033497    0.058338    0.012503    0.083981   -0.069655   -0.038064   -0.083860
    # Iteration: 99 bestvalit: -0.650000 bestmemit:   -0.091001    0.016083    0.020840    0.069865    0.033497    0.058338    0.012503    0.083981   -0.069655   -0.038064   -0.083860
    # Iteration: 100 bestvalit: -0.650000 bestmemit:   -0.013161   -0.066991    0.037598    0.070686    0.016284    0.085709    0.011435    0.063754   -0.065192   -0.002860   -0.022439
    # Iteration: 101 bestvalit: -0.650000 bestmemit:   -0.013161   -0.066991    0.037598    0.070686    0.016284    0.085709    0.011435    0.063754   -0.065192   -0.002860   -0.022439
    # Iteration: 102 bestvalit: -0.650000 bestmemit:   -0.013161   -0.066991    0.037598    0.070686    0.016284    0.085709    0.011435    0.063754   -0.065192   -0.002860   -0.022439
    # Iteration: 103 bestvalit: -0.650000 bestmemit:   -0.013161   -0.066991    0.037598    0.070686    0.016284    0.085709    0.011435    0.063754   -0.065192   -0.002860   -0.022439
    # Iteration: 104 bestvalit: -0.650000 bestmemit:   -0.013161   -0.066991    0.037598    0.070686    0.016284    0.085709    0.011435    0.063754   -0.065192   -0.002860   -0.022439
    # Iteration: 105 bestvalit: -0.650000 bestmemit:   -0.013161   -0.066991    0.037598    0.070686    0.016284    0.085709    0.011435    0.063754   -0.065192   -0.002860   -0.022439
    # Iteration: 106 bestvalit: -0.650000 bestmemit:   -0.013161   -0.066991    0.037598    0.070686    0.016284    0.085709    0.011435    0.063754   -0.065192   -0.002860   -0.022439
    # Iteration: 107 bestvalit: -0.650000 bestmemit:   -0.013161   -0.066991    0.037598    0.070686    0.016284    0.085709    0.011435    0.063754   -0.065192   -0.002860   -0.022439
    # Iteration: 108 bestvalit: -0.650000 bestmemit:   -0.013161   -0.066991    0.037598    0.070686    0.016284    0.085709    0.011435    0.063754   -0.065192   -0.002860   -0.022439
    # Iteration: 109 bestvalit: -0.650000 bestmemit:   -0.013161   -0.066991    0.037598    0.070686    0.016284    0.085709    0.011435    0.063754   -0.065192   -0.002860   -0.022439
    # Iteration: 110 bestvalit: -0.650000 bestmemit:   -0.013161   -0.066991    0.037598    0.070686    0.016284    0.085709    0.011435    0.063754   -0.065192   -0.002860   -0.022439
    # Iteration: 111 bestvalit: -0.650000 bestmemit:   -0.013161   -0.066991    0.037598    0.070686    0.016284    0.085709    0.011435    0.063754   -0.065192   -0.002860   -0.022439
    # Iteration: 112 bestvalit: -0.650000 bestmemit:   -0.013161   -0.066991    0.037598    0.070686    0.016284    0.085709    0.011435    0.063754   -0.065192   -0.002860   -0.022439
    # Iteration: 113 bestvalit: -0.650000 bestmemit:   -0.091001    0.016083    0.019564    0.069865    0.033497    0.058338    0.012503    0.083981   -0.069655   -0.038064   -0.083860
    # Iteration: 114 bestvalit: -0.650000 bestmemit:   -0.091001    0.016083    0.019564    0.069865    0.033497    0.058338    0.012503    0.083981   -0.069655   -0.038064   -0.083860
    # Iteration: 115 bestvalit: -0.675000 bestmemit:   -0.091001    0.016083    0.019564    0.069865    0.033497    0.058338   -0.013193    0.083981   -0.069655   -0.038064   -0.083860
    # Iteration: 116 bestvalit: -0.675000 bestmemit:   -0.091001    0.016083    0.019564    0.069865    0.033497    0.058338   -0.013193    0.083981   -0.069655   -0.038064   -0.083860
    # Iteration: 117 bestvalit: -0.675000 bestmemit:   -0.091001    0.016083    0.019564    0.069865    0.033497    0.058338   -0.013193    0.083981   -0.069655   -0.038064   -0.083860
    # Iteration: 118 bestvalit: -0.675000 bestmemit:   -0.091001    0.016083    0.019564    0.069865    0.033497    0.058338   -0.013193    0.083981   -0.069655   -0.038064   -0.083860
    # Iteration: 119 bestvalit: -0.675000 bestmemit:   -0.091001    0.016083    0.019564    0.069865    0.033497    0.058338   -0.013193    0.083981   -0.069655   -0.038064   -0.083860
    # Iteration: 120 bestvalit: -0.675000 bestmemit:   -0.091001    0.016083    0.019564    0.069865    0.033497    0.058338   -0.013193    0.083981   -0.069655   -0.038064   -0.083860
    # Iteration: 121 bestvalit: -0.675000 bestmemit:   -0.091001    0.016083    0.019564    0.069865    0.033497    0.058338   -0.013193    0.083981   -0.069655   -0.038064   -0.083860
    # Iteration: 122 bestvalit: -0.675000 bestmemit:   -0.091001    0.016083    0.019564    0.069865    0.033497    0.058338   -0.013193    0.083981   -0.069655   -0.038064   -0.083860
    # Iteration: 123 bestvalit: -0.675000 bestmemit:   -0.091001    0.016083    0.019564    0.069865    0.033497    0.058338   -0.013193    0.083981   -0.069655   -0.038064   -0.083860
    # Iteration: 124 bestvalit: -0.675000 bestmemit:   -0.091001    0.016083    0.019564    0.069865    0.033497    0.058338   -0.013193    0.083981   -0.069655   -0.038064   -0.083860
    # Iteration: 125 bestvalit: -0.675000 bestmemit:   -0.091001    0.016083    0.019564    0.069865    0.033497    0.058338   -0.013193    0.083981   -0.069655   -0.038064   -0.083860
    # Iteration: 126 bestvalit: -0.675000 bestmemit:   -0.091001    0.016083    0.019564    0.069865    0.033497    0.058338   -0.013193    0.083981   -0.069655   -0.038064   -0.083860
    # Iteration: 127 bestvalit: -0.675000 bestmemit:   -0.091001    0.016083    0.019564    0.069865    0.033497    0.058338   -0.013193    0.083981   -0.069655   -0.038064   -0.083860
    # Iteration: 128 bestvalit: -0.675000 bestmemit:   -0.091001    0.016083    0.019564    0.069865    0.033497    0.058338   -0.013193    0.083981   -0.069655   -0.038064   -0.083860
    # Iteration: 129 bestvalit: -0.675000 bestmemit:   -0.091001    0.016083    0.019564    0.069865    0.033497    0.058338   -0.013193    0.083981   -0.069655   -0.038064   -0.083860
    # Iteration: 130 bestvalit: -0.675000 bestmemit:   -0.091001    0.016083    0.019564    0.069865    0.033497    0.058338   -0.013193    0.083981   -0.069655   -0.038064   -0.083860
    # Iteration: 131 bestvalit: -0.675000 bestmemit:   -0.091001    0.016083    0.019564    0.069865    0.033497    0.058338   -0.013193    0.083981   -0.069655   -0.038064   -0.083860
    # Iteration: 132 bestvalit: -0.675000 bestmemit:   -0.091001    0.016083    0.019564    0.069865    0.033497    0.058338   -0.013193    0.083981   -0.069655   -0.038064   -0.083860
    # Iteration: 133 bestvalit: -0.675000 bestmemit:   -0.091001    0.016083    0.019564    0.069865    0.033497    0.058338   -0.013193    0.083981   -0.069655   -0.038064   -0.083860
    # Iteration: 134 bestvalit: -0.675000 bestmemit:   -0.091001    0.016083    0.019564    0.069865    0.033497    0.058338   -0.013193    0.083981   -0.069655   -0.038064   -0.083860
    # Iteration: 135 bestvalit: -0.675000 bestmemit:   -0.091001    0.016083    0.019564    0.069865    0.033497    0.058338   -0.013193    0.083981   -0.069655   -0.038064   -0.083860
    # Iteration: 136 bestvalit: -0.675000 bestmemit:   -0.091001    0.016083    0.019564    0.069865    0.033497    0.058338   -0.013193    0.083981   -0.069655   -0.038064   -0.083860
    # Iteration: 137 bestvalit: -0.675000 bestmemit:   -0.091001    0.016083    0.019564    0.069865    0.033497    0.058338   -0.013193    0.083981   -0.069655   -0.038064   -0.083860
    # Iteration: 138 bestvalit: -0.675000 bestmemit:   -0.091001    0.016083    0.019564    0.069865    0.033497    0.058338   -0.013193    0.083981   -0.069655   -0.038064   -0.083860
    # Iteration: 139 bestvalit: -0.675000 bestmemit:   -0.091001    0.016083    0.019564    0.069865    0.033497    0.058338   -0.013193    0.083981   -0.069655   -0.038064   -0.083860
    # Iteration: 140 bestvalit: -0.675000 bestmemit:   -0.091001    0.016083    0.019564    0.069865    0.033497    0.058338   -0.013193    0.083981   -0.069655   -0.038064   -0.083860
    # Iteration: 141 bestvalit: -0.675000 bestmemit:   -0.091001    0.016083    0.019564    0.069865    0.033497    0.058338   -0.013193    0.083981   -0.069655   -0.038064   -0.083860
    # Iteration: 142 bestvalit: -0.675000 bestmemit:   -0.091001    0.016083    0.019564    0.069865    0.033497    0.058338   -0.013193    0.083981   -0.069655   -0.038064   -0.083860
    # Iteration: 143 bestvalit: -0.675000 bestmemit:   -0.091001    0.016083    0.019564    0.069865    0.033497    0.058338   -0.013193    0.083981   -0.069655   -0.038064   -0.083860
    # Iteration: 144 bestvalit: -0.675000 bestmemit:   -0.091001    0.016083    0.019564    0.069865    0.033497    0.058338   -0.013193    0.083981   -0.069655   -0.038064   -0.083860
    # Iteration: 145 bestvalit: -0.675000 bestmemit:   -0.091001    0.016083    0.019564    0.069865    0.033497    0.058338   -0.013193    0.083981   -0.069655   -0.038064   -0.083860
    # Iteration: 146 bestvalit: -0.675000 bestmemit:   -0.091001    0.016083    0.019564    0.069865    0.033497    0.058338   -0.013193    0.083981   -0.069655   -0.038064   -0.083860
    # Iteration: 147 bestvalit: -0.675000 bestmemit:   -0.091001    0.016083    0.019564    0.069865    0.033497    0.058338   -0.013193    0.083981   -0.069655   -0.038064   -0.083860
    # Iteration: 148 bestvalit: -0.675000 bestmemit:   -0.091001    0.016083    0.019564    0.069865    0.033497    0.058338   -0.013193    0.083981   -0.069655   -0.038064   -0.083860
    # Iteration: 149 bestvalit: -0.675000 bestmemit:   -0.091001    0.016083    0.019564    0.069865    0.033497    0.058338   -0.013193    0.083981   -0.069655   -0.038064   -0.083860
    # Iteration: 150 bestvalit: -0.675000 bestmemit:   -0.091001    0.016083    0.019564    0.069865    0.033497    0.058338   -0.013193    0.083981   -0.069655   -0.038064   -0.083860
    # Iteration: 151 bestvalit: -0.675000 bestmemit:   -0.091001    0.016083    0.019564    0.069865    0.033497    0.058338   -0.013193    0.083981   -0.069655   -0.038064   -0.083860
    # Iteration: 152 bestvalit: -0.675000 bestmemit:   -0.091001    0.016083    0.019564    0.069865    0.033497    0.058338   -0.013193    0.083981   -0.069655   -0.038064   -0.083860
    # Iteration: 153 bestvalit: -0.675000 bestmemit:   -0.091001    0.016083    0.019564    0.069865    0.033497    0.058338   -0.013193    0.083981   -0.069655   -0.038064   -0.083860
    # Iteration: 154 bestvalit: -0.675000 bestmemit:   -0.091001    0.016083    0.019564    0.069865    0.033497    0.081025   -0.013193    0.083981   -0.069655   -0.038064   -0.083860
    # Iteration: 155 bestvalit: -0.675000 bestmemit:   -0.091001    0.016083    0.019564    0.069865    0.033497    0.081025   -0.013193    0.083981   -0.069655   -0.038064   -0.083860
    # Iteration: 156 bestvalit: -0.675000 bestmemit:   -0.091001    0.016083    0.019564    0.069865    0.033497    0.081025   -0.013193    0.083981   -0.069655   -0.038064   -0.083860
    # Iteration: 157 bestvalit: -0.675000 bestmemit:   -0.091001    0.016083    0.019564    0.069865    0.033497    0.081025   -0.013193    0.083981   -0.069655   -0.038064   -0.083860
    # Iteration: 158 bestvalit: -0.675000 bestmemit:   -0.091001    0.016083    0.019564    0.069865    0.033497    0.081025   -0.013193    0.083981   -0.069655   -0.038064   -0.083860
    # Iteration: 159 bestvalit: -0.675000 bestmemit:   -0.091560    0.016083    0.019564    0.069865    0.033497    0.081025   -0.013193    0.083981   -0.069655   -0.038064   -0.083860
    # Iteration: 160 bestvalit: -0.675000 bestmemit:   -0.091560    0.016083    0.019564    0.069865    0.033497    0.081025   -0.013193    0.083981   -0.069655   -0.038064   -0.083860
    # Iteration: 161 bestvalit: -0.675000 bestmemit:   -0.091560    0.016083    0.019564    0.069865    0.033497    0.081025   -0.013193    0.083981   -0.069655   -0.038064   -0.083860
    # Iteration: 162 bestvalit: -0.675000 bestmemit:   -0.091560    0.016083    0.019564    0.069865    0.033497    0.081025   -0.013193    0.083981   -0.069655   -0.038064   -0.083860
    # Iteration: 163 bestvalit: -0.675000 bestmemit:   -0.091560    0.016083    0.019564    0.069865    0.033497    0.081025   -0.013193    0.083981   -0.069655   -0.038064   -0.083860
    # Iteration: 164 bestvalit: -0.675000 bestmemit:   -0.091560    0.016083    0.019564    0.069865    0.033497    0.081025   -0.013193    0.083981   -0.069655   -0.038064   -0.083860
    # Iteration: 165 bestvalit: -0.675000 bestmemit:   -0.091560    0.016083    0.019564    0.069865    0.033497    0.081025   -0.013193    0.083981   -0.069655   -0.038064   -0.083860
    # Iteration: 166 bestvalit: -0.675000 bestmemit:   -0.091560    0.016083    0.019564    0.069865    0.033497    0.081025   -0.013193    0.083981   -0.069655   -0.038064   -0.083860
    # Iteration: 167 bestvalit: -0.675000 bestmemit:   -0.091560    0.016083    0.019564    0.069865    0.033497    0.081025   -0.013193    0.083981   -0.069655   -0.038064   -0.083860
    # Iteration: 168 bestvalit: -0.675000 bestmemit:   -0.091560    0.016083    0.019564    0.069865    0.033497    0.081025   -0.013193    0.083981   -0.069655   -0.038064   -0.083860
    # Iteration: 169 bestvalit: -0.675000 bestmemit:   -0.091560    0.016083    0.019564    0.069865    0.033497    0.081025   -0.013193    0.083981   -0.069655   -0.038064   -0.083860
    # Iteration: 170 bestvalit: -0.675000 bestmemit:   -0.091560    0.016083    0.019564    0.069865    0.033497    0.081025   -0.013193    0.083981   -0.069655   -0.038064   -0.083860
    # Iteration: 171 bestvalit: -0.675000 bestmemit:   -0.091560    0.016083    0.019564    0.069865    0.033497    0.081025   -0.013193    0.083981   -0.069655   -0.038064   -0.083860
    # Iteration: 172 bestvalit: -0.675000 bestmemit:   -0.091560    0.016083    0.019564    0.069865    0.033497    0.081025   -0.013193    0.083981   -0.069655   -0.038064   -0.083860
    # Iteration: 173 bestvalit: -0.675000 bestmemit:   -0.091560    0.016083    0.019564    0.069865    0.033497    0.081025   -0.013193    0.083981   -0.069655   -0.038064   -0.083860
    # Iteration: 174 bestvalit: -0.675000 bestmemit:   -0.091560    0.016083    0.019564    0.069865    0.033497    0.081025   -0.013193    0.083981   -0.069655   -0.038064   -0.083860
    # Iteration: 175 bestvalit: -0.675000 bestmemit:   -0.091560    0.016083    0.019564    0.069865    0.033497    0.081025   -0.013193    0.083981   -0.069655   -0.038064   -0.083860
    # Iteration: 176 bestvalit: -0.675000 bestmemit:   -0.091560    0.016083    0.019564    0.069865    0.033497    0.081025   -0.013193    0.083981   -0.069655   -0.038064   -0.083860
    # Iteration: 177 bestvalit: -0.675000 bestmemit:   -0.091560    0.016083    0.019564    0.069865    0.033497    0.081025   -0.013193    0.083981   -0.069655   -0.038064   -0.083860
    # Iteration: 178 bestvalit: -0.675000 bestmemit:   -0.091560    0.016083    0.019564    0.069865    0.033497    0.081025   -0.013193    0.083981   -0.069655   -0.038064   -0.083860
    # Iteration: 179 bestvalit: -0.675000 bestmemit:   -0.091560    0.016083    0.019564    0.069865    0.033497    0.081025   -0.013193    0.083981   -0.069655   -0.038064   -0.083860
    # Iteration: 180 bestvalit: -0.675000 bestmemit:   -0.091560    0.016083    0.019564    0.069865    0.033497    0.081025   -0.013193    0.083981   -0.069655   -0.038064   -0.083860
    # Iteration: 181 bestvalit: -0.675000 bestmemit:   -0.091560    0.016083    0.019564    0.069865    0.033497    0.081025   -0.013193    0.083981   -0.069655   -0.038064   -0.083860
    # Iteration: 182 bestvalit: -0.675000 bestmemit:   -0.091560    0.016083    0.019564    0.069865    0.033497    0.081025   -0.013193    0.083981   -0.069655   -0.038064   -0.083860
    # Iteration: 183 bestvalit: -0.675000 bestmemit:   -0.091560    0.016083    0.019564    0.069865    0.033497    0.081025   -0.013193    0.083981   -0.069655   -0.038064   -0.083860
    # Iteration: 184 bestvalit: -0.675000 bestmemit:   -0.091560    0.016083    0.019564    0.069865    0.033497    0.081025   -0.013193    0.083981   -0.069655   -0.038064   -0.083860
    # Iteration: 185 bestvalit: -0.675000 bestmemit:   -0.091560    0.016083    0.019564    0.069865    0.033497    0.081025   -0.013193    0.083981   -0.069655   -0.038064   -0.083860
    # Iteration: 186 bestvalit: -0.675000 bestmemit:   -0.091560    0.016083    0.019564    0.069865    0.033497    0.081025   -0.013193    0.083981   -0.069655   -0.038064   -0.083860
    # Iteration: 187 bestvalit: -0.675000 bestmemit:   -0.091560    0.016083    0.019564    0.069865    0.033497    0.081025   -0.013193    0.083981   -0.069655   -0.038064   -0.083860
    # Iteration: 188 bestvalit: -0.675000 bestmemit:   -0.091560    0.016083    0.019564    0.069865    0.033497    0.081025   -0.013193    0.083981   -0.069655   -0.038064   -0.083860
    # Iteration: 189 bestvalit: -0.675000 bestmemit:   -0.091560    0.016083    0.019564    0.069865    0.033497    0.081025   -0.013193    0.083981   -0.069655   -0.038064   -0.083860
    # Iteration: 190 bestvalit: -0.675000 bestmemit:   -0.091560    0.016083    0.019564    0.069865    0.033497    0.081025   -0.013193    0.083981   -0.069655   -0.038064   -0.083860
    # Iteration: 191 bestvalit: -0.675000 bestmemit:   -0.091560    0.016083    0.019564    0.069865    0.033497    0.081025   -0.013193    0.083981   -0.069655   -0.038064   -0.083860
    # Iteration: 192 bestvalit: -0.675000 bestmemit:   -0.091560    0.016083    0.019564    0.069865    0.033497    0.081025   -0.013193    0.083981   -0.069655   -0.038064   -0.083860
    # Iteration: 193 bestvalit: -0.675000 bestmemit:   -0.091560    0.016083    0.019564    0.069865    0.033497    0.081025   -0.013193    0.083981   -0.069655   -0.038064   -0.083860
    # Iteration: 194 bestvalit: -0.675000 bestmemit:   -0.091560    0.016083    0.019564    0.069865    0.033497    0.081025   -0.013193    0.083981   -0.069655   -0.038064   -0.083860
    # Iteration: 195 bestvalit: -0.675000 bestmemit:   -0.091560    0.016083    0.019564    0.069865    0.033497    0.081025   -0.013193    0.083981   -0.069655   -0.038064   -0.083860
    # Iteration: 196 bestvalit: -0.675000 bestmemit:   -0.091560    0.016083    0.019564    0.069865    0.033497    0.081025   -0.013193    0.083981   -0.069655   -0.038064   -0.083860
    # Iteration: 197 bestvalit: -0.675000 bestmemit:   -0.091560    0.016083    0.019564    0.069865    0.033497    0.081025   -0.013193    0.083981   -0.069655   -0.038064   -0.083860
    # Iteration: 198 bestvalit: -0.675000 bestmemit:   -0.091560    0.016083    0.019564    0.069865    0.033497    0.081025   -0.013193    0.083981   -0.069655   -0.038064   -0.083860
    # Iteration: 199 bestvalit: -0.675000 bestmemit:   -0.091560    0.016083    0.019564    0.069865    0.033497    0.081025   -0.013193    0.083981   -0.069655   -0.038064   -0.083860
    # Iteration: 200 bestvalit: -0.675000 bestmemit:   -0.091560    0.016083    0.019564    0.069865    0.033497    0.081025   -0.013193    0.083981   -0.069655   -0.038064   -0.083860